10001100771000220220426071144
11000140001400020210828082842
11000130001300020210828023201
11000120001200020210827203557
11000110001100020210827143958
10999139991399920210828082822
10999129991299920210828023139
10999119991199920210827203536
10999109991099920210827143936
10998139981399820210828082800
10998129981299820210828023117
10004110041100420210827144121
10004100041000420210827083923
10003140031400320210828082946
10003130031300320210828023306
10003120031200320210827203700
10003110031100320210827144100
10003100031000320210827083901
10002140021400220210828082925
10002130021300220210828023245
10002120021200220210827203639
